

Epoch: 0
Bleu_1: 0.08442679975042403
Bleu_2: 0.011661298390694061
Bleu_3: 0.001870373946182149
Bleu_4: 1.3800966275826167e-07
METEOR: 0.061484391350604496
ROUGE_L: 0.1126421331067875
CIDEr: 0.05142409845861399
SkipThoughtCS: 0.32502278685569763
EmbeddingAverageCosineSimilairty: 0.793957
VectorExtremaCosineSimilarity: 0.457113
GreedyMatchingScore: 0.633068
